---
image_width: 320
image_height: 240
camera_name: narrow_stereo
camera_matrix:
  rows: 3
  cols: 3
  data: [160.57548,   0.     , 162.42328,
           0.     , 160.47828, 112.80524,
           0.     ,   0.     ,   1.     ]
distortion_model: plumb_bob
distortion_coefficients:
  rows: 1
  cols: 5
  data: [-0.289049, 0.059468, -0.000748, 0.002611, 0.000000]
rectification_matrix:
  rows: 3
  cols: 3
  data: [1., 0., 0.,
         0., 1., 0.,
         0., 0., 1.]
projection_matrix:
  rows: 3
  cols: 4
  data: [110.88719,   0.     , 163.21133,   0.     ,
           0.     , 125.2231 , 106.95769,   0.     ,
           0.     ,   0.     ,   1.     ,   0.     ]
  
